MedSegBench objects  |  split=train  size=128  min_area=16px  (<= 120 imgs/ds)
20,171 objects across 35 datasets

           dataset   n_obj  obj/img  bbox_frac  area_frac   fill  int_mean  contrast
  ----------------------------------------------------------------------------------
          m2caiseg      84      0.7      0.426     0.0596   0.55      51.6      -5.5
          bkai-igh     101      0.8      0.219     0.0273   0.73     152.3      15.9
         abdomenus     109      0.9      0.289     0.0306   0.57      16.5      -3.9
              busi     120      1.0      0.242     0.0290   0.78      66.7     -61.5
          isic2016     120      1.0      0.625     0.2167   0.72     127.4     -42.6
          isic2018     120      1.0      0.691     0.2560   0.71     108.4     -67.6
         promise12     120      1.0      0.250     0.0334   0.77      29.8      -0.3
   ultrasoundnerve     120      1.0      0.273     0.0272   0.70     125.2      17.0
  uwaterlooskincancer     120      1.0      0.395     0.0705   0.67      78.2     -75.4
         pandental      82      1.0      0.977     0.3953   0.42     115.8      14.1
           fhpsaop     122      1.0      0.266     0.0293   0.77      56.5       9.1
            kvasir     124      1.0      0.418     0.0916   0.72     141.7      33.1
       usforkidney     124      1.0      0.621     0.1772   0.67      66.7     -46.1
          polypgen     125      1.0      0.352     0.0544   0.72     144.9      29.2
             idrib     132      1.1      0.078     0.0017   0.57      87.7       6.2
               wbc     138      1.1      0.504     0.1064   0.54     117.7     -49.2
            nuclei     114      1.2      0.055     0.0011   0.47      98.8     -39.6
      cystoidfluid     172      1.4      0.066     0.0018   0.67      19.2     -52.4
              yeaz     187      1.6      0.781     0.2468   0.59      90.8      -6.8
          robotool     229      1.9      0.453     0.0665   0.50      94.9      14.0
      covid19radio     240      2.0      0.641     0.1143   0.56     113.0     -50.5
         covidquex     240      2.0      0.406     0.0525   0.53     123.8     -29.3
        mosmedplus     249      2.1      0.102     0.0037   0.57      65.6      -9.4
              dca1     252      2.7      0.195     0.0026   0.14     117.4     -15.9
             chuac      49      2.9      0.156     0.0022   0.19      71.6     -21.4
          chasedb1     119      6.3      0.141     0.0016   0.21      71.8      -3.8
             drive     149      8.3      0.141     0.0018   0.23     108.5      -4.5
           bbbc010     715     10.2      0.172     0.0029   0.23      89.1     -67.8
          brifiseg    1819     15.2      0.109     0.0063   0.72     149.8      -2.0
    dynamicnuclear    2267     18.9      0.070     0.0031   0.76       1.9       1.9
          deepbacs     371     21.8      0.078     0.0016   0.51     143.9     -23.4
           monusac    2919     24.3      0.055     0.0015   0.71     102.8     -62.9
             nuset    3037     25.3      0.070     0.0027   0.76     101.9      53.6
        cellnuclei    3541     29.5      0.070     0.0026   0.75      48.7      27.2
        tnbcnuclei    1641     46.9      0.062     0.0018   0.71     161.9     -31.0
  ----------------------------------------------------------------------------------
     bbox_max_frac: median=0.078  p5=0.047  p95=0.586  mean=0.144
         area_frac: median=0.003  p5=0.001  p95=0.114  mean=0.020
              fill: median=0.716  p5=0.292  p95=0.867  mean=0.673
          int_mean: median=97.278  p5=1.762  p95=172.332  mean=90.549
           int_std: median=15.387  p5=0.973  p95=41.876  mean=17.383
          contrast: median=-0.648  p5=-88.038  p95=78.585  mean=-5.262